0
0
0
0
0
0
0
0
0
0
0
0
0
0
0
0
0
0
0
0
0
0
0
0
0
0
0
1
0
0
0
0
0
0
0
0
0
0
0
0
0
0
0
0
0
0
0
0
0
0
0
0
0
0
-1089
986
-661
901
367
732
1102
-632
-770
1610
1167
-810
-1090
933
-1382
-1939
730
1394
1938
-1401
41
-1858
180
-1976
-878
-1459
1095
832
-813
448
-1432
896
-755
1975
-1350
-752
-683
243
1310
-597
-1532
1045
868
179
-1658
-1616
1034
-395
695
-277
-1313
-1588
763
-1513
898
872
-1652
1570
893
1263
1680
-542
-545
1894
-37
731
252
62
-1200
-992
31
-352
1855
-1650
1719
1907
-1018
1460
184
-1562
-62
